1 4
4 4
18 4
38 4
45 4
77 4
79 4
110 4
111 4
122 4
128 4
146 4
147 4
165 4
240 4
246 4
250 4
255 4
267 4
292 4
302 4
320 4
324 4
336 4
365 4
369 4
386 4
422 4
437 4
446 4
452 4
475 4
529 4
537 4
542 4
551 4
568 4
571 4
579 4
581 4
584 4
586 4
589 4
596 4
599 4
610 4
622 4
624 4
628 4
635 4
645 4
666 4
686 4
700 4
715 4
727 4
738 4
744 4
751 4
759 4
769 4
779 4
804 4
821 4
827 4
847 4
860 4
862 4
881 4
903 4
44 6
78 6
127 6
451 6
588 6
609 6
627 6
665 6
714 6
737 6
743 6
768 6
880 6
450 8
587 8
713 8
449 10
712 10
448 12
