1000000000000000000000000000000000000000000000000000000000000000000000000000000000000000000000000000000000000000000000000000000000000000000000000000000000000000000000100000000000000000000000
0101000000100010000000000000010000100001000000001100010111000010000000101010111000100100010000100000111000010000000010110010000010100000001000101001001000011000000000000100110101000000011100
0100000000100010000000000000010000100001000000001100010111000010000000101010111000100100010000100000111000010000000010110010000010100000001000101001001000011000000000000100110101000000011100
0100000000100010000000000000010000100001000000001100010111000010000000101010111000100100000000100000001000010000000010110010000000000000001000101001001000011000000000000100110101000000011100
0100000000000000000000000000000000000000000000000000000000000000000000000000000000000000000000000000000000000000000000000000000000000000000000000000000000000000000000000000000100000000000000
0000000000100010000000000000010000100001000000001100010111000010000000101010111000100100000000100000001000010000000010110010000000000000001000101001001000011000000000000100110001000000011100
0000000000100010000000000000010000100001000000001100000011000000000000101010111000100100000000000000001000010000000010110010000000000000001000101001000000011000000000000100110001000000011100
0000000000100010000000000000010000100001000000001100000011000000000000101010111000100100000000000000001000010000000010110010000000000000001000101001000000011000000000000100110001000000010100
0000000000100000000000000000000000100001000000000100000000000000000000000000111000000000000000000000001000010000000000100010000000000000001000101000000000011000000000000100000000000000000100
0000000000100000000000000000000000100001000000000100000000000000000000000000011000000000000000000000000000010000000000100000000000000000001000000000000000000000000000000100000000000000000100
0000000000100000000000000000000000000000000000000100000000000000000000000000011000000000000000000000000000000000000000100000000000000000001000000000000000000000000000000000000000000000000000
0000000000100000000000000000000000000000000000000000000000000000000000000000001000000000000000000000000000000000000000000000000000000000000000000000000000000000000000000000000000000000000000
0000000000000000000000000000000000000000000000000100000000000000000000000000010000000000000000000000000000000000000000100000000000000000001000000000000000000000000000000000000000000000000000
0000000000000000000000000000000000000000000000000000000000000000000000000000010000000000000000000000000000000000000000100000000000000000001000000000000000000000000000000000000000000000000000
0000000000000000000000000000000000000000000000000000000000000000000000000000010000000000000000000000000000000000000000100000000000000000000000000000000000000000000000000000000000000000000000
0000000000000000000000000000000000100001000000000000000000000000000000000000000000000000000000000000000000010000000000000000000000000000000000000000000000000000000000000100000000000000000100
0000000000000000000000000000000000100001000000000000000000000000000000000000000000000000000000000000000000000000000000000000000000000000000000000000000000000000000000000100000000000000000000
0000000000000000000000000000000000100001000000000000000000000000000000000000000000000000000000000000000000000000000000000000000000000000000000000000000000000000000000000000000000000000000000
0000000000000000000000000000000000000000000000000000000000000000000000000000000000000000000000000000000000010000000000000000000000000000000000000000000000000000000000000000000000000000000100
0000000000000000000000000000000000000000000000000000000000000000000000000000100000000000000000000000001000000000000000000010000000000000000000101000000000011000000000000000000000000000000000
0000000000000000000000000000000000000000000000000000000000000000000000000000100000000000000000000000000000000000000000000010000000000000000000101000000000010000000000000000000000000000000000
0000000000000000000000000000000000000000000000000000000000000000000000000000100000000000000000000000000000000000000000000000000000000000000000101000000000010000000000000000000000000000000000
0000000000000000000000000000000000000000000000000000000000000000000000000000100000000000000000000000000000000000000000000000000000000000000000100000000000000000000000000000000000000000000000
0000000000000000000000000000000000000000000000000000000000000000000000000000000000000000000000000000000000000000000000000000000000000000000000001000000000010000000000000000000000000000000000
0000000000000000000000000000000000000000000000000000000000000000000000000000000000000000000000000000001000000000000000000000000000000000000000000000000000001000000000000000000000000000000000
0000000000000010000000000000010000000000000000001000000011000000000000101010000000100100000000000000000000000000000010010000000000000000000000000001000000000000000000000000110001000000010000
0000000000000010000000000000010000000000000000001000000001000000000000101010000000100100000000000000000000000000000010010000000000000000000000000001000000000000000000000000110001000000010000
0000000000000010000000000000010000000000000000001000000000000000000000101010000000100100000000000000000000000000000010010000000000000000000000000001000000000000000000000000110001000000010000
0000000000000000000000000000010000000000000000001000000000000000000000101010000000100100000000000000000000000000000010010000000000000000000000000001000000000000000000000000110001000000010000
0000000000000000000000000000010000000000000000000000000000000000000000001010000000100100000000000000000000000000000000010000000000000000000000000001000000000000000000000000000001000000010000
0000000000000000000000000000010000000000000000000000000000000000000000001010000000100000000000000000000000000000000000010000000000000000000000000001000000000000000000000000000001000000010000
0000000000000000000000000000010000000000000000000000000000000000000000001010000000100000000000000000000000000000000000010000000000000000000000000001000000000000000000000000000000000000010000
0000000000000000000000000000010000000000000000000000000000000000000000001010000000000000000000000000000000000000000000010000000000000000000000000001000000000000000000000000000000000000010000
0000000000000000000000000000000000000000000000000000000000000000000000001010000000000000000000000000000000000000000000010000000000000000000000000001000000000000000000000000000000000000010000
0000000000000000000000000000000000000000000000000000000000000000000000001000000000000000000000000000000000000000000000000000000000000000000000000001000000000000000000000000000000000000000000
0000000000000000000000000000000000000000000000000000000000000000000000000010000000000000000000000000000000000000000000010000000000000000000000000000000000000000000000000000000000000000010000
0000000000000000000000000000000000000000000000000000000000000000000000000000000000000000000000000000000000000000000000010000000000000000000000000000000000000000000000000000000000000000010000
0000000000000000000000000000000000000000000000001000000000000000000000100000000000000000000000000000000000000000000010000000000000000000000000000000000000000000000000000000110000000000000000
0000000000000000000000000000000000000000000000001000000000000000000000000000000000000000000000000000000000000000000010000000000000000000000000000000000000000000000000000000000000000000000000
0000000000000000000000000000000000000000000000000000000000000000000000100000000000000000000000000000000000000000000000000000000000000000000000000000000000000000000000000000110000000000000000
0000000000000000000000000000000000000000000000000000000000000000000000000000000000000000000000000000000000000000000000000000000000000000000000000000000000000000000000000000110000000000000000
0000000000000000000000000000000000000000000000000000010100000010000000000000000000000000000000100000000000000000000000000000000000000000000000000000001000000000000000000000000000000000000000
0000000000000000000000000000000000000000000000000000010000000010000000000000000000000000000000100000000000000000000000000000000000000000000000000000001000000000000000000000000000000000000000
0000000000000000000000000000000000000000000000000000000000000010000000000000000000000000000000100000000000000000000000000000000000000000000000000000001000000000000000000000000000000000000000
0000000000000000000000000000000000000000000000000000000000000010000000000000000000000000000000100000000000000000000000000000000000000000000000000000000000000000000000000000000000000000000000
0000000000000000000000000000000000000000000000000000000000000000000000000000000000000000010000000000110000000000000000000000000010100000000000000000000000000000000000000000000000000000000000
0000000000000000000000000000000000000000000000000000000000000000000000000000000000000000010000000000110000000000000000000000000010000000000000000000000000000000000000000000000000000000000000
0000000000000000000000000000000000000000000000000000000000000000000000000000000000000000010000000000110000000000000000000000000000000000000000000000000000000000000000000000000000000000000000
0000000000000000000000000000000000000000000000000000000000000000000000000000000000000000010000000000100000000000000000000000000000000000000000000000000000000000000000000000000000000000000000
0010111111011101111111111111101111011110111111110011101000111101111111010101000111011011101111011111000111101111111101001101111101011111110111010110110111100111111111011011001010111111100011
0010000000000000000000000000000000000000000010000000000000000000000000010000000000000000000000000000000000000000000000000000000000000010000000000000000000000000000010000000000000010101000000
0010000000000000000000000000000000000000000010000000000000000000000000010000000000000000000000000000000000000000000000000000000000000000000000000000000000000000000010000000000000010101000000
0010000000000000000000000000000000000000000010000000000000000000000000000000000000000000000000000000000000000000000000000000000000000000000000000000000000000000000010000000000000010101000000
0010000000000000000000000000000000000000000000000000000000000000000000000000000000000000000000000000000000000000000000000000000000000000000000000000000000000000000010000000000000010101000000
0010000000000000000000000000000000000000000000000000000000000000000000000000000000000000000000000000000000000000000000000000000000000000000000000000000000000000000010000000000000010001000000
0010000000000000000000000000000000000000000000000000000000000000000000000000000000000000000000000000000000000000000000000000000000000000000000000000000000000000000000000000000000010001000000
0000000000000000000000000000000000000000000000000000000000000000000000000000000000000000000000000000000000000000000000000000000000000000000000000000000000000000000000000000000000010001000000
0000111111011101111111111111101111011110111101110011101000111101111111000101000111011011101111011111000111101111111101001101111101011101110111010110110111100111111101011011001010101010100011
0000111111011101111101111111101111011110111101110011101000111101111111000101000111011011101111011111000111101111111101001101111101011101110111010110110111100111111101011011001010101010100011
0000111111011101111101111111101111011110111101110011101000111101111111000101000111011011101111011111000111101111111101001101111101011001110111010110110111100111111101011011001010101010100011
0000111111011101111101111111101111011110011101110011101000111101111111000101000111011011001111011111000111101111111101001101111101011001110111010110110111100111111101011011001010101010100011
0000111111011101111101101111101111011110011101110011101000111101111111000101000111011011001111011111000111101111111101001101111101011001110111010110110111100111111101011011001010101010100011
0000111111011101111101101111101111011110011101110011101000111101111111000101000111011011001111011110000111101111111101001101111101011001110111010110110111100111111101011011001010101010100011
0000110111011001111001101101101001001110001100100011000000111001110001000001000001010011001111010100000111101111111101000101010001010000110101010110110101000001110001010011001010001010000011
0000110111011001111001101101001001001110001100100011000000111001110001000001000001010011001111010100000111101111111101000101010001010000110101010110110101000001110001010011001010001010000011
0000100111011001111001101101001001001110001100100011000000111001110001000001000001010011001111000100000111101111111101000101010001010000110101010110110101000001110001010011001010001010000011
0000100111011001111001101101000001001110001100100011000000111001110001000001000001010011001111000100000111101111111101000101010001010000110101010110110101000001110001010011001010001010000011
0000100111011001111001101101000001001110001100100011000000111001110001000000000001010011000111000100000111101111111101000101010001010000110100010110110101000001110001010011001010001010000011
0000100111011001111001101101000001001110001100100011000000111001110001000000000000010011000111000100000111101111111101000101010001010000110100010110110101000001110001010011001010001010000011
0000100111011001111001101101000001001110001100100011000000111001110001000000000000010011000111000100000111101111011101000101010001010000110100010110110101000001110001010011001010001010000011
0000100111011001111001101101000001001110001100100011000000111001110001000000000000010011000111000100000111101111011101000101010001010000100100010110110101000001110001010011001010001010000011
0000100111011001011001101101000000001110001100100011000000111001110001000000000000010001000110000100000111101111011101000101010000010000100100010110110101000001010001010011001010001010000001
0000100111011001011001101101000000001110001100100011000000111001110001000000000000010001000110000100000101101111011101000101010000010000100100010110110101000001010001010011001010001010000001
0000100111011001011001101101000000001110001100100011000000111001110001000000000000010001000110000100000101101111010101000101010000010000100100010110110101000001010001010011001010001010000001
0000100111011001011001101101000000001110000100100011000000111001110001000000000000010001000110000100000101101111000101000101010000010000100100010110110001000001010001010011001010001010000001
0000100101001001011001101100000000001110000100100011000000111001110001000000000000010001000110000100000100101111000101000101010000010000100100010110110001000001010000010011001000001010000001
0000100001000001000000001100000000001110000000100000000000000001000000000000000000000000000000000000000000100101000001000100010000000000100000000000100001000001000000000001000000001000000000
0000100001000001000000001100000000001110000000100000000000000001000000000000000000000000000000000000000000000001000001000100010000000000100000000000100001000001000000000001000000001000000000
0000100001000001000000001100000000001110000000100000000000000001000000000000000000000000000000000000000000000001000000000100010000000000100000000000100001000001000000000001000000001000000000
0000100001000001000000001100000000001100000000100000000000000001000000000000000000000000000000000000000000000001000000000100010000000000100000000000100001000001000000000001000000001000000000
0000100001000001000000001100000000001100000000000000000000000001000000000000000000000000000000000000000000000001000000000100010000000000100000000000100001000001000000000001000000001000000000
0000100001000001000000001100000000001100000000000000000000000001000000000000000000000000000000000000000000000001000000000100000000000000100000000000100001000001000000000001000000001000000000
0000000001000001000000001100000000001100000000000000000000000001000000000000000000000000000000000000000000000001000000000100000000000000100000000000100001000001000000000001000000001000000000
0000000001000001000000001100000000001100000000000000000000000001000000000000000000000000000000000000000000000001000000000100000000000000100000000000100001000001000000000001000000000000000000
0000000001000000000000001000000000001000000000000000000000000001000000000000000000000000000000000000000000000001000000000100000000000000100000000000100001000001000000000001000000000000000000
0000000001000000000000001000000000001000000000000000000000000001000000000000000000000000000000000000000000000001000000000100000000000000000000000000100001000001000000000001000000000000000000
0000000001000000000000001000000000001000000000000000000000000001000000000000000000000000000000000000000000000001000000000100000000000000000000000000100001000001000000000000000000000000000000
0000000001000000000000001000000000001000000000000000000000000001000000000000000000000000000000000000000000000001000000000100000000000000000000000000000001000000000000000000000000000000000000
0000000001000000000000000000000000000000000000000000000000000000000000000000000000000000000000000000000000000000000000000100000000000000000000000000000000000000000000000000000000000000000000
0000000000000000000000001000000000001000000000000000000000000001000000000000000000000000000000000000000000000001000000000000000000000000000000000000000001000000000000000000000000000000000000
0000000000000000000000001000000000001000000000000000000000000000000000000000000000000000000000000000000000000001000000000000000000000000000000000000000000000000000000000000000000000000000000
0000000000000000000000000000000000001000000000000000000000000000000000000000000000000000000000000000000000000001000000000000000000000000000000000000000000000000000000000000000000000000000000
0000000000000000000000000000000000000000000000000000000000000001000000000000000000000000000000000000000000000000000000000000000000000000000000000000000001000000000000000000000000000000000000
0000000000000000000000000000000000000000000000000000000000000000000000000000000000000000000000000000000000000000000000000000000000000000000000000000100000000001000000000000000000000000000000
0000000000000001000000000100000000000100000000000000000000000000000000000000000000000000000000000000000000000000000000000000000000000000000000000000000000000000000000000000000000000000000000
0000000000000001000000000100000000000000000000000000000000000000000000000000000000000000000000000000000000000000000000000000000000000000000000000000000000000000000000000000000000000000000000
0000000000000000000000000000000000000000000000000000000000000000000000000000000000000000000000000000000000100100000000000000000000000000000000000000000000000000000000000000000000000000000000
0000000100001000011001100000000000000000000100000011000000111000110001000000000000010001000110000100000100001010000100000001000000010000000100010110010000000000010000010010001000000010000001
0000000100001000011001100000000000000000000100000011000000111000110001000000000000010001000110000100000100001010000100000001000000010000000100000110010000000000010000010010001000000010000001
0000000100001000011001100000000000000000000100000011000000111000110001000000000000010001000110000100000100001010000100000001000000010000000100000010010000000000010000010010001000000010000001
0000000100001000011001100000000000000000000100000011000000110000110001000000000000010001000110000100000100001010000100000001000000010000000100000010010000000000010000010010001000000010000001
0000000100001000011001100000000000000000000100000011000000110000110001000000000000010001000110000100000100001010000100000001000000010000000100000000010000000000010000010010001000000010000001
0000000100001000011001100000000000000000000100000011000000110000110001000000000000010001000110000100000100001010000100000000000000010000000100000000010000000000010000010010001000000010000001
0000000100001000011001100000000000000000000100000011000000110000110001000000000000010001000110000100000100001010000100000000000000000000000000000000010000000000010000010010001000000010000001
0000000100001000011001100000000000000000000100000011000000100000110001000000000000010001000110000100000100001010000100000000000000000000000000000000010000000000010000010010001000000010000001
0000000100001000011001000000000000000000000000000001000000000000010000000000000000010001000010000100000000000010000100000000000000000000000000000000000000000000000000000010001000000000000001
0000000100001000011001000000000000000000000000000001000000000000010000000000000000010001000010000000000000000010000100000000000000000000000000000000000000000000000000000010001000000000000000
0000000100000000011001000000000000000000000000000001000000000000000000000000000000010001000010000000000000000010000100000000000000000000000000000000000000000000000000000010001000000000000000
0000000100000000011000000000000000000000000000000000000000000000000000000000000000010001000010000000000000000010000100000000000000000000000000000000000000000000000000000010001000000000000000
0000000100000000001000000000000000000000000000000000000000000000000000000000000000010001000010000000000000000010000100000000000000000000000000000000000000000000000000000010001000000000000000
0000000100000000001000000000000000000000000000000000000000000000000000000000000000000001000010000000000000000010000100000000000000000000000000000000000000000000000000000010001000000000000000
0000000100000000001000000000000000000000000000000000000000000000000000000000000000000001000010000000000000000010000000000000000000000000000000000000000000000000000000000010001000000000000000
0000000100000000000000000000000000000000000000000000000000000000000000000000000000000001000000000000000000000010000000000000000000000000000000000000000000000000000000000000000000000000000000
0000000100000000000000000000000000000000000000000000000000000000000000000000000000000001000000000000000000000000000000000000000000000000000000000000000000000000000000000000000000000000000000
0000000000000000001000000000000000000000000000000000000000000000000000000000000000000000000010000000000000000000000000000000000000000000000000000000000000000000000000000010001000000000000000
0000000000000000001000000000000000000000000000000000000000000000000000000000000000000000000000000000000000000000000000000000000000000000000000000000000000000000000000000010001000000000000000
0000000000000000000000000000000000000000000000000000000000000000000000000000000000000000000000000000000000000000000000000000000000000000000000000000000000000000000000000010001000000000000000
0000000000000000000001000000000000000000000000000001000000000000000000000000000000000000000000000000000000000000000000000000000000000000000000000000000000000000000000000000000000000000000000
0000000000001000000000000000000000000000000000000000000000000000010000000000000000000000000000000000000000000000000000000000000000000000000000000000000000000000000000000000000000000000000000
0000000000000000000000000000000000000000000000000000000000000000000000000000000000000000000000000100000000000000000000000000000000000000000000000000000000000000000000000000000000000000000001
0000000000000000000000100000000000000000000100000010000000100000100001000000000000000000000100000000000100001000000000000000000000000000000000000000010000000000010000010000000000000010000000
0000000000000000000000100000000000000000000100000010000000100000100001000000000000000000000100000000000100001000000000000000000000000000000000000000000000000000010000010000000000000010000000
0000000000000000000000100000000000000000000100000000000000100000100001000000000000000000000100000000000100001000000000000000000000000000000000000000000000000000000000010000000000000010000000
0000000000000000000000100000000000000000000100000000000000100000100000000000000000000000000100000000000100001000000000000000000000000000000000000000000000000000000000010000000000000010000000
0000000000000000000000100000000000000000000100000000000000100000100000000000000000000000000100000000000000001000000000000000000000000000000000000000000000000000000000010000000000000010000000
0000000000000000000000100000000000000000000100000000000000100000100000000000000000000000000000000000000000001000000000000000000000000000000000000000000000000000000000010000000000000010000000
0000000000000000000000000000000000000000000100000000000000100000100000000000000000000000000000000000000000001000000000000000000000000000000000000000000000000000000000010000000000000010000000
0000000000000000000000000000000000000000000100000000000000100000000000000000000000000000000000000000000000001000000000000000000000000000000000000000000000000000000000010000000000000010000000
0000000000000000000000000000000000000000000000000000000000100000000000000000000000000000000000000000000000001000000000000000000000000000000000000000000000000000000000010000000000000010000000
0000000000000000000000000000000000000000000000000000000000100000000000000000000000000000000000000000000000000000000000000000000000000000000000000000000000000000000000010000000000000010000000
0000000000000000000000000000000000000000000000000000000000100000000000000000000000000000000000000000000000000000000000000000000000000000000000000000000000000000000000000000000000000010000000
0000000000000000000000000000000000000000000000000010000000000000000000000000000000000000000000000000000000000000000000000000000000000000000000000000000000000000010000000000000000000000000000
0000000000000000000000000000000000000000000000000000000000000000000000000000000000000000000000000000000000000000000000000000000000010000000100000000000000000000000000000000000000000000000000
0000000010010000000000000001000000000000000000000000000000000000000000000000000000000000000000000000000001000000000000000000000000000000000000000000000000000000000001000000000010000000000000
0000000010000000000000000000000000000000000000000000000000000000000000000000000000000000000000000000000001000000000000000000000000000000000000000000000000000000000001000000000000000000000000
0000000010000000000000000000000000000000000000000000000000000000000000000000000000000000000000000000000000000000000000000000000000000000000000000000000000000000000001000000000000000000000000
0000000000010000000000000001000000000000000000000000000000000000000000000000000000000000000000000000000000000000000000000000000000000000000000000000000000000000000000000000000010000000000000
0000000000000000000000000001000000000000000000000000000000000000000000000000000000000000000000000000000000000000000000000000000000000000000000000000000000000000000000000000000010000000000000
0000000000000000000000000000000000000000001000000000000000000000000000000000000000000000000000000000000000000000010000000000000000000000000000000000000100000000000000000000000000000000000000
0000000000000000000000000000000000000000001000000000000000000000000000000000000000000000000000000000000000000000000000000000000000000000000000000000000100000000000000000000000000000000000000
0000000000000000100000000000000001000000000000000000000000000000000000000000000000000010000001000000000000000000000000000000000001000000000000000000000000000000100000000000000000000000000010
0000000000000000100000000000000000000000000000000000000000000000000000000000000000000010000001000000000000000000000000000000000001000000000000000000000000000000100000000000000000000000000010
0000000000000000100000000000000000000000000000000000000000000000000000000000000000000010000001000000000000000000000000000000000000000000000000000000000000000000100000000000000000000000000010
0000000000000000100000000000000000000000000000000000000000000000000000000000000000000000000001000000000000000000000000000000000000000000000000000000000000000000100000000000000000000000000010
0000000000000000100000000000000000000000000000000000000000000000000000000000000000000000000001000000000000000000000000000000000000000000000000000000000000000000000000000000000000000000000010
0000000000000000100000000000000000000000000000000000000000000000000000000000000000000000000000000000000000000000000000000000000000000000000000000000000000000000000000000000000000000000000010
0000000000000000000000000000000000000000000000000000000000000000000000000001000000000000001000000000000000000000000000000000000000000000000001000000000000000000000000000000000000000000000000
0000000000000000000000000000000000000000000000000000000000000000000000000001000000000000001000000000000000000000000000000000000000000000000000000000000000000000000000000000000000000000000000
0000010000000000000000000000000000000000000000000000000000000000000000000000000000000000000000010000000000000000000000000000000000000000000000000000000000000000000000000000000000000000000000
0000001000000100000100000010000110010000010001010000101000000100001110000100000110001000000000001010000000000000000000001000101100001001000010000000000010100110001100001000000000100000100000
0000001000000100000100000010000110010000010001010000101000000100001100000100000110001000000000001010000000000000000000001000101100001001000010000000000010100110001100001000000000100000100000
0000001000000100000100000010000110010000010001010000101000000100001100000100000110001000000000001010000000000000000000001000101100000001000010000000000010100110001100001000000000100000100000
0000001000000100000100000010000110010000010001010000101000000100001100000100000110001000000000000010000000000000000000001000101100000001000010000000000010100110001100001000000000100000100000
0000001000000100000100000010000110010000000001010000101000000100001100000100000110001000000000000010000000000000000000001000101100000001000010000000000010100110001100001000000000100000100000
0000001000000100000100000000000110010000000001010000101000000100001100000100000110001000000000000010000000000000000000001000101100000001000010000000000010100110000100001000000000100000100000
0000001000000100000100000000000110010000000000010000101000000100001100000100000100001000000000000010000000000000000000001000101100000001000010000000000010100110000100001000000000100000100000
0000001000000000000100000000000110010000000000010000101000000100001100000100000100001000000000000010000000000000000000001000101100000001000010000000000010100110000100001000000000100000100000
0000001000000000000100000000000100000000000000010000100000000000001000000100000100001000000000000010000000000000000000001000101000000000000010000000000010100010000100001000000000100000100000
0000001000000000000100000000000100000000000000010000100000000000001000000100000100000000000000000010000000000000000000001000101000000000000010000000000010100010000100001000000000100000100000
0000001000000000000100000000000100000000000000010000100000000000001000000100000100000000000000000010000000000000000000001000100000000000000010000000000010100010000100001000000000100000100000
0000001000000000000100000000000100000000000000010000000000000000001000000100000100000000000000000010000000000000000000001000100000000000000010000000000010100010000100001000000000100000100000
0000001000000000000100000000000100000000000000010000000000000000001000000100000100000000000000000010000000000000000000001000100000000000000010000000000010100000000100001000000000100000100000
0000001000000000000100000000000100000000000000010000000000000000000000000100000000000000000000000010000000000000000000001000100000000000000010000000000010100000000100001000000000100000100000
0000001000000000000000000000000100000000000000010000000000000000000000000100000000000000000000000010000000000000000000001000100000000000000010000000000010100000000100001000000000100000100000
0000001000000000000000000000000100000000000000010000000000000000000000000100000000000000000000000010000000000000000000001000100000000000000010000000000010100000000100001000000000100000000000
0000001000000000000000000000000100000000000000010000000000000000000000000100000000000000000000000010000000000000000000001000100000000000000010000000000010100000000100001000000000000000000000
0000001000000000000000000000000100000000000000010000000000000000000000000100000000000000000000000010000000000000000000001000100000000000000010000000000010100000000000001000000000000000000000
0000001000000000000000000000000100000000000000010000000000000000000000000000000000000000000000000000000000000000000000001000100000000000000010000000000010000000000000001000000000000000000000
0000001000000000000000000000000100000000000000010000000000000000000000000000000000000000000000000000000000000000000000001000100000000000000010000000000010000000000000000000000000000000000000
0000000000000000000000000000000100000000000000010000000000000000000000000000000000000000000000000000000000000000000000001000100000000000000010000000000010000000000000000000000000000000000000
0000000000000000000000000000000100000000000000010000000000000000000000000000000000000000000000000000000000000000000000001000000000000000000010000000000010000000000000000000000000000000000000
0000000000000000000000000000000100000000000000010000000000000000000000000000000000000000000000000000000000000000000000001000000000000000000000000000000010000000000000000000000000000000000000
0000000000000000000000000000000100000000000000010000000000000000000000000000000000000000000000000000000000000000000000001000000000000000000000000000000000000000000000000000000000000000000000
0000000000000000000000000000000000000000000000010000000000000000000000000000000000000000000000000000000000000000000000001000000000000000000000000000000000000000000000000000000000000000000000
0000000000000000000000000000000000000000000000000000000000000000000000000100000000000000000000000010000000000000000000000000000000000000000000000000000000100000000000000000000000000000000000
0000000000000000000000000000000000000000000000000000000000000000000000000000000000000000000000000010000000000000000000000000000000000000000000000000000000100000000000000000000000000000000000
0000000000000000000000000000000000000000000000000000000000000000001000000000000100000000000000000000000000000000000000000000000000000000000000000000000000000000000000000000000000000000000000
0000000000000000000000000000000010010000000000000000001000000100000100000000000000000000000000000000000000000000000000000000000100000001000000000000000000000100000000000000000000000000000000
0000000000000000000000000000000010000000000000000000001000000000000000000000000000000000000000000000000000000000000000000000000100000001000000000000000000000100000000000000000000000000000000
0000000000000000000000000000000000000000000000000000001000000000000000000000000000000000000000000000000000000000000000000000000100000001000000000000000000000100000000000000000000000000000000
0000000000000000000000000000000000000000000000000000000000000000000000000000000000000000000000000000000000000000000000000000000100000001000000000000000000000100000000000000000000000000000000
0000000000000000000000000000000000000000000000000000000000000000000000000000000000000000000000000000000000000000000000000000000000000001000000000000000000000100000000000000000000000000000000
0000000000000000000000000000000000010000000000000000000000000100000100000000000000000000000000000000000000000000000000000000000000000000000000000000000000000000000000000000000000000000000000
0000000000000000000000000000000000000000000000000000000000000100000100000000000000000000000000000000000000000000000000000000000000000000000000000000000000000000000000000000000000000000000000
0000000000000000000000000000000000000000000001000000000000000000000000000000000010000000000000000000000000000000000000000000000000000000000000000000000000000000000000000000000000000000000000
0000000000000000000000000010000000000000000000000000000000000000000000000000000000000000000000000000000000000000000000000000000000000000000000000000000000000000001000000000000000000000000000
0000000000000000000000000000000000000000100000000000000000000000000000000000000000000000100000000000000000000000000000000000000000000000000000000000000000000000000000000000000000000000000000