11010101010110011000100000111110101110010111111110011011101011100110011111110000101010110100
11111111110111111111111011111111111111111111111111011111111111111111111111111111111111111111
11111110111111111111111111111111111111101111011011100111111101111111111101111111011111011111
11000001000100000000000000001000000100010110100100011010000010000100000010000000100000100000
11111101111111111111111111111111111111110111111111111111101111111111111111111111111111111111
11111111111111111110111111111111111111111111111111111111111111101111111111111111111111111111
11011111111111111011111110111110101110011111111111111111111011111111011111111111111111111110
11111111111111111111111111111111111111110111111111111111101111111111111111111111111111111111
11111111111111111111111111111111111111111111111111110111111111111111111101111111111111111111
11111111111111111111111111111111111111111111111111111111011111111101111111111111111111111011
11111110111011111111111111110111111111101111011011100111111101111111111101111111011111011111
11101111111111111111111111101011111111111111111111111111111111111111111111111111111111111111
11111111111111111111111111111111101111011111111111111111111111111111111111111111111111111111
11101111111101101111011111001001010101111110101101111111010111111101100010111111111111101011
11010101110110111010101010111110101110010111111110011111101011100111011111111001111111110110
11011101111110111010101110111110101110010111111110111111101011100111011111111001111111111110
11111111111111111111111111111101111111111110111111111111111111111111111111111111111111111111
11101011101101100111011111001001010101111110101101111110010110011101100010101111110101101011
11010101110110111000101010111110101110010111111110011111101011100111011111111001111111110110
11101111111101101111111111001001110111111110111111111111010111111101111111111111111111111011
11111111111111111111011111111111011101111111101101111111111111111111100111111111111111101111
11111111111111111111111111111110101110011111111111111111111111111111011111111111111111111111
11111111011111111111111111111111111111111111111111111011111111111111111111111111111111111111
11111111111111111111111111111111011111111111111101111111111111111111111111111111111111111111
10000000000000000000000000000000000000000000000000000000000000000100000000000000000000000000
11101111111101111111111111001001110111111110111111111111111111111111111111111111111111111111
11111111111111111110111111111111111111111111111110111111111111101111111111111111111111111111
11101111111111111111111111101001111111111110111111111111111111111111111111111111111111111111
11101111111111111111111111101111111111111111111111111111111111111111111111111111111111111111
11011111111111111010101110111110101110011111111110111111111011101111011111111101111111111110
11111110111111111111111111111111111111101111111011111111111111111111111111111111111111011111
11010101010110111000101010111110101110010111111110011011101011100111011111111001101111110110
11111110111011111111111111110111111011101111011011100111111101111111111101111111011111011111
11000001000100000000000000001000000100010110101100011010000010000100000010100000100000100000
11111111111111111111111111111111111111111111111111111111111111111101111111111111111111111011
10111110111011111111111111110111111011101011011011100101111101111111111101111111011111011111
11111111111111111011111110111110101110011111111111111111111111111111011111111111111111111111
11010101010110011000101000111110101110010111111110011011101011100110011111111001101110110110
11111111111111011111111101111111111111111111111111111111111111111110111111111111111110111111
11101111111101101111011111001001010101111110101101111111010111111101100010101111110111101011
11111111111111111111111111111111111111111111011111110111111111111111111101111111111111111111
11111111111101111111111111111111110111111111111111111111111111111111111111111111111111111111
11010101010110111000101010111110101110010111111110011011101011100111011111111001111111110110
11111111111111111111111111111111111111111111110111111111111111111111111111011111111111111111
11111110111111111111111111111111111111101111011011110111111111111111111101111111011111011111
11101011101101100111011111001001010101111110101101111111010110011101100010101111110101101011
11111111111111111111111111111111111111111111101111111111111111111111100111111111111111101111
11111111111111111111110111111111111111111111111111111111111111111111111111111111111111111101
11111111111111111111111111111111111111111111111011111111111111111111111111111111111111011111
11101111111111111111111111001001111111111110111111111111111111111111111111111111111111111111
11010101010110011000101000111110101110010111111110011011101011100110011111110001101110110110
11111011101111110111111111111111111111111111111111111111111110011111111111111111111101111111
11111110111111111111111111111111111111101111011011110111111111111111111101111111111111011111
11111110111011111111111111110111111011101011011011100111111101111111111101111111011111011111
11111111111111111111111111111111111111111111101111111111111111111111101111111111111111101111
11011111111111111011111110111110101110011111111111111111111111111111011111111111111111111111
11011111111111111011111110111110101110011111111111111111111111111111011111111111111111111110
11111111111111011111111101111111111111111111111111111111111111111110111111111111111111111111
11111111111111111011111110111111111111111111111111111111111111111111111111111111111111111111
11111111111111111111111111111110101111011111111111111111111111111111011111111111111111111111
11101111111101101111011111001001010101111110101101111111010111111101100111111111111111101011
10111110111011111111111111110111111011101001011011100101111101111111111101111111011111011111
11010101111110111010101110111110101110010111111110111111101011100111011111111001111111111110
11111111111111111111011111111111011111111111101101111111111111111111100111111111111111101111
11101111111101111111111111001001110111111110111111111111110111111111111111111111111111111111
11111101111110111111111111111111111111110111111111111111101111110111111111111111111111111111
11101111111101101111111111001001110111111110111111111111110111111111111111111111111111111111
11111111101111111111111111111111111111111111111111111111111110111111111111111111111111111111
11111110111111111111111111110111111111101111011011100111111101111111111101111111011111011111
11111111111111111111111111111111111111111111111111111111111111111111111010111111111111111111
11111111101111111111111111111111111111111111111111111111111110011111111111111111111111111111
11111111111111111111111111111111111111111111111111111111111111111111111111101111110111111111
11111111101111110111111111111111111111111111111111111111111110011111111111111111111111111111
11111111111111111111111111111111101111011111111111111111111111111111011111111111111111111111
11111111111111111111110111111111111111111111111111111111111111111111111111111110111011111101
11111111111111111111111101111111111111111111111111111111111111111110111111111111111111111111
11111101111110111111111111111111111111110111111111111111101111110111111111111011111111111111
11011111111111111011101110111110101110011111111111111111111011111111011111111111111111111110
11011111111111111011101110111110101110011111111111111111111011111111011111111101111111111110
11111110111111111111111111111111111111101111011011100111111111111111111101111111011111011111
11111110111111111111111111111111111111101111111111111111111111111111111111111111111111111111
11111110111011111111111111110111111011101011011011100101111101111111111101111111011111011111
11111101111110111111111111111111111111110111111111111111101111111111111111111111111111111111
11111111111111111111111111111111111111111111101111111111111111111111101111111111111111111111
11111011111111111111111111111111111111111111111111111111111111111111111111111111111101111111
11111111111111111111110111111111111111111111111111111111111111111111111111111110111111111101
11010101111110111010101110111110101110010111111110111111101011100111011111111001111111110110
11111111111111111111011111111111111111111111101111111111111111111111100111111111111111101111
11111111110111111111111011111111111111111111111111111111111111111111111111111111111111111111