135.865323311
272.924233311
419.992643311
534.035573311
591.057033311
678.089063311
775.141823311
876.189503311
990.232433311
1087.28519331
1216.32778331
1329.41184331
1428.48025331
1485.50171331
1613.59667331
1726.68073331
1889.74406331
2026.80297331
2157.84346331
2256.91187331
2327.94898331
2414.98101331
2578.04434331
2691.12840331
2805.17133331
2919.21426331
2976.23572331
3079.24491331
3193.28784331
3379.36715331
3526.43556331
3663.49447331
3791.58943331
3977.66874331
4074.72150331
4187.80556331
4343.90667331
4440.95943331
4569.01801331
4626.03947331
4754.09805331
4885.13854331
4988.14773331
5085.20049331
5182.25325331
5239.27471331
5425.35402331
5572.42243331
5703.46292331
5832.50551331
5903.54262331
6006.55181331
6107.59949331
6263.70060331
6400.75951331
6503.76870331
6631.86366331
6794.92699331
6897.93618331
7034.99509331
7149.03802331
7277.13298331
7405.22794331
7504.29635331
7690.37566331
7787.42842331
7950.49175331
8053.50094331
8154.54862331
8225.58573331
8328.59492331
8475.66333331
8588.74739331
8703.77433331
8790.80636331
8921.84685331
9036.87379331
9133.92655331
9280.99496331
9428.06337331
9575.13178331
9646.16889331
9743.22165331
9846.23084331
