13375.9894764
759.67110822
872.75516822
906.73951822
929.77662822
1026.82938822
1037.78000822
1154.92434822
1193.88111822
1307.92404822
1341.00365822
1438.96453822
1440.07206822
1525.99656822
1553.15612822
1640.18815822
1654.05514822
1743.19734822
1769.08208822
1856.11411822
1856.28140822
1943.14614822
1985.32399822
2044.19382822
2098.40805822
2181.25273822
2185.44008822
2348.50341822
2367.33204822
2476.59837822
2495.42700822
2533.61983822
2632.48591822
2634.66751822
2747.51285822
2781.73592822
2884.57176822
2894.81998822
2999.59870822
3007.90404822
3108.95172822
3112.68276822
3213.73044822
3272.01505822
3343.05216822
3360.79885822
3456.13622822
3474.84178822
3584.23118822
3603.88437822
3697.31524822
3734.92486822
3812.34218822
3865.96535822
3941.38477822
4044.39396822
4052.04466822
4157.47802822
4181.08725822
4260.48721822
4295.13018822
4331.52432822
4418.55635822
4458.19351822
4555.61526822
4605.26192822
4669.65819822
4768.32525822
4832.72152822
4855.35728822
4926.39439822
4929.77428822
5092.83761822
5112.47370822
5220.93257822
5240.53228822
5334.01663822
5343.54147822
5442.60988822
5465.05712822
5541.67829822
5596.09761822
5669.77325822
5724.19257822
5740.81036822
5852.25115822
5868.86894822
5982.91187822
5989.31006822
6119.97078822
6152.37339822
6217.02354822
6265.45745822
6380.08687822
6412.52586822
6493.17093822
6525.60992822
6606.25499822
6638.69398822
6737.29548822
6769.73447822
6850.37954822
6882.81853822
6963.46360822
6995.90259822
7110.53201822
7158.96592822
7223.61607822
7256.01868822
7386.67940822
7393.07759822
7507.12052822
7523.73831822
7635.17910822
7651.79689822
7706.21621822
7779.89185822
7834.31117822
7910.93234822
7933.37958822
8032.44799822
8041.97283822
8135.45718822
8155.05689822
8263.51576822
8283.15185822
8446.21518822
8449.59507822
8520.63218822
8543.26794822
8607.66421822
8706.33127822
8770.72754822
8820.37420822
8917.79595822
8957.43311822
9044.46514822
9080.85928822
9115.50225822
9194.90221822
9218.51144822
9323.94480822
9331.59550822
9434.60469822
9510.02411822
9563.64728822
9641.06460822
9678.67422822
9772.10509822
9791.75828822
9901.14768822
9919.85324822
10015.1906182
10032.9373082
10103.9744182
10162.2590282
10263.3067082
10267.0377482
10368.0854282
10376.3907682
10481.1694882
10491.4177082
10594.2535482
10628.4766182
10741.3219582
10743.5035582
10842.3696382
10880.5624682
10899.3910982
11008.6574282
11027.4860582
11190.5493882
11194.7367382
11277.5814182
11331.7956482
11390.6654782
11432.8433282
11519.7080682
11519.8753582
11606.9073882
11632.7921282
11721.9343282
11735.8013182
11822.8333482
11849.9929082
11935.9174082
11937.0249382
12034.9858182
12068.0654282
12182.1083582
12221.0651282
12338.2094682
12349.1600882
12446.2128482
12469.2499582
12503.2343082
12616.3183682
