903
15 148
730 155
18 25
720 489
576 492
39 9
403 474
757 394
116 532
287 586
61 404
520 560
122 13
520 683
704 840
108 188
46 2
121 18
91 65
167 234
497 152
716 806
591 727
230 356
257 596
294 634
80 41
446 447
361 187
205 172
793 443
378 202
684 789
569 315
702 827
572 626
275 15
3 6
187 208
443 716
456 259
580 598
82 432
237 750
144 85
279 92
193 21
788 778
83 176
181 75
753 575
455 130
93 265
222 8
548 440
397 485
47 31
756 786
424 393
575 690
802 228
627 557
8 215
272 256
396 50
840 863
7 3
590 693
22 136
814 871
285 338
886 76
342 834
135 604
58 7
555 249
717 316
1 134
118 311
818 712
153 159
53 76
63 879
494 439
463 89
17 15
284 347
268 210
545 399
52 785
845 450
610 294
186 672
228 492
5 4
363 371
32 612
615 745
63 12
780 508
368 721
466 503
4 340
464 241
312 419
386 16
517 361
330 496
476 731
1 9
460 540
446 573
142 67
4 66
106 60
186 181
489 119
714 459
463 525
141 674
599 260
545 562
444 34
112 149
366 267
358 181
17 22
577 49
64 74
95 300
40 18
617 530
257 74
11 21
405 621
428 69
399 212
26 755
287 423
171 384
165 62
389 69
477 194
748 206
682 687
817 663
426 66
22 87
476 132
122 388
372 820
105 505
235 511
233 7
31 133
28 299
630 685
709 427
54 92
524 584
357 57
894 630
792 74
249 81
653 121
394 345
892 527
151 316
808 217
348 223
211 68
115 7
823 481
746 719
169 533
27 6
69 120
796 394
49 83
321 739
752 414
537 129
803 393
87 365
303 901
50 52
192 453
53 19
111 61
300 310
195 341
170 160
880 436
240 31
861 862
728 369
837 67
377 372
216 254
163 227
236 801
380 15
19 638
415 384
156 273
229 17
235 304
332 259
1 556
541 339
226 147
234 309
800 262
99 87
152 833
83 241
438 181
569 650
25 633
157 767
154 459
151 101
736 384
675 819
207 262
363 120
26 198
185 146
367 364
202 313
56 44
900 797
640 821
270 281
614 774
62 30
567 330
311 640
546 215
85 168
300 839
691 168
124 4
261 116
125 197
462 615
519 90
42 210
191 700
608 684
14 6
198 591
651 566
794 62
666 510
481 118
45 27
689 392
161 713
147 661
247 410
161 843
313 875
354 170
1 84
117 36
867 725
812 395
11 108
177 238
809 228
797 893
262 744
664 330
575 567
552 779
706 616
635 17
142 277
889 325
44 29
224 192
303 276
160 88
173 417
539 759
166 221
132 436
157 298
543 16
373 50
815 105
572 811
749 640
888 465
616 598
214 454
82 112
443 645
787 784
227 364
242 203
289 469
174 175
15 11
400 724
46 688
310 606
109 17
430 352
295 346
22 290
436 870
816 601
397 504
104 51
842 440
644 853
252 751
218 112
125 163
70 48
197 825
250 247
247 321
109 138
758 354
773 334
702 124
387 159
874 491
34 339
296 133
236 451
32 3
242 457
578 5
1 711
67 194
719 278
294 153
283 406
60 3
270 284
301 83
68 50
568 515
350 27
252 58
550 383
280 320
589 122
49 57
536 566
9 694
276 53
444 581
385 108
720 859
6 64
220 121
835 598
433 82
858 338
64 103
729 764
22 342
89 161
680 78
101 99
311 437
553 208
156 61
26 4
517 712
896 722
588 153
212 631
8 12
407 129
619 517
412 350
406 470
804 130
280 164
527 358
13 10
216 165
259 446
111 414
245 174
114 3
19 30
119 431
71 231
327 565
239 157
205 849
697 263
95 128
654 454
559 323
45 225
226 400
427 166
468 182
305 61
178 14
454 458
76 110
501 436
145 21
536 232
383 334
582 188
292 272
360 351
334 201
291 270
20 31
670 117
639 238
810 699
572 330
528 454
255 32
522 441
66 77
341 777
149 223
511 629
86 53
23 35
312 92
99 435
22 392
354 442
137 93
293 667
607 21
411 303
150 88
415 830
261 448
293 285
411 878
224 482
729 110
42 769
105 54
516 323
34 33
619 679
522 646
68 715
129 17
51 82
473 364
287 678
42 597
775 709
418 153
270 421
24 228
554 311
283 822
267 208
103 531
106 123
13 403
642 152
379 297
38 132
156 345
107 256
521 470
531 738
462 455
201 2
172 147
310 318
339 649
40 297
895 803
264 148
295 203
285 754
763 865
49 89
747 117
219 327
2 1
96 763
76 376
48 39
317 311
445 34
695 68
740 732
414 590
663 131
8 2
130 75
420 209
869 751
873 749
781 405
614 52
770 345
192 4
566 850
795 141
70 824
451 841
601 705
459 704
157 207
701 296
643 408
725 394
173 10
82 488
171 60
195 158
766 836
323 11
64 547
765 67
280 669
489 529
197 648
151 190
208 552
872 741
156 441
657 251
180 45
658 79
82 93
144 429
153 127
460 231
40 78
18 19
632 459
148 760
70 814
86 177
12 107
493 492
141 100
416 37
254 336
450 829
154 123
756 1
718 478
216 343
380 799
507 219
408 157
79 12
499 134
22 826
391 371
43 14
212 165
439 31
405 677
25 425
368 311
14 102
143 84
662 112
24 434
445 891
848 87
18 196
230 52
664 761
861 184
353 297
593 260
42 723
73 191
90 59
89 247
235 100
202 587
352 312
398 197
189 246
169 20
186 450
202 375
306 69
351 289
217 98
19 71
885 679
226 530
102 722
153 558
28 26
381 156
182 618
209 152
85 45
11 50
50 98
369 228
4 140
70 355
370 628
509 20
783 202
11 75
187 160
141 335
735 430
213 164
450 613
179 114
152 465
413 365
154 563
41 283
225 542
3 2
402 353
526 98
72 31
40 393
591 656
472 248
285 21
762 540
422 370
29 41
359 29
157 87
29 13
278 483
76 97
253 126
270 66
258 177
176 784
66 200
219 671
561 531
336 856
184 534
282 239
486 710
828 9
515 302
129 539
50 337
478 51
346 495
2 118
7 10
639 847
93 887
16 61
897 543
228 605
113 57
132 243
707 854
793 903
195 608
851 829
592 144
287 197
866 218
248 675
222 583
68 630
397 180
133 302
219 232
263 19
500 408
73 166
409 149
113 673
98 520
600 743
467 384
174 333
438 624
778 446
126 772
70 564
335 798
37 681
486 109
708 634
623 288
365 551
285 382
61 288
508 899
395 204
246 479
611 556
535 145
55 40
620 56
51 329
370 883
844 189
307 212
682 613
392 782
141 707
300 647
502 386
37 184
659 132
318 637
570 30
155 31
182 518
405 107
94 390
852 428
807 658
152 133
898 373
51 17
319 242
395 571
504 594
16 248
182 177
491 137
315 87
655 198
99 331
75 508
884 16
876 19
368 401
251 151
734 731
350 538
275 622
309 625
349 72
461 191
81 26
74 510
692 256
128 135
737 614
577 602
49 6
766 235
259 217
574 553
68 374
399 512
435 868
600 597
144 480
131 49
580 1
69 64
60 490
164 69
92 127
162 44
85 147
20 19
100 125
260 175
857 672
237 1
189 69
104 768
698 520
193 203
24 6
9 16
244 68
46 116
17 33
791 263
652 474
7 18
877 764
336 498
82 805
487 98
506 332
370 310
324 148
443 379
601 355
2 139
330 23
163 344
88 60
756 790
308 143
142 158
100 5
274 177
699 313
353 696
51 860
523 225
466 374
92 271
214 182
510 585
91 119
832 804
146 108
13 174
133 269
496 797
